0 0.38046875 0.03515625 0.0484375 0.0703125
0 0.546875 0.06171875 0.284375 0.1234375
0 0.27265625 0.20703125 0.1625 0.1609375
0 0.47734375 0.2359375 0.240625 0.21875
0 0.64296875 0.2046875 0.0921875 0.15625
0 0.8578125 0.3328125 0.284375 0.10625
0 0.809375 0.10859375 0.1875 0.2171875
1 0.16484375 0.61484375 0.3296875 0.1921875
0 0.653125 0.60078125 0.071875 0.1640625
0 0.653125 0.81875 0.071875 0.1625
1 0.13984375 0.9515625 0.2265625 0.096875
0 0.56796875 0.9515625 0.2421875 0.096875
1 0.85703125 0.540625 0.2859375 0.04375