0 0.33515625 0.13671875 0.1859375 0.2734375
0 0.53359375 0.253125 0.2109375 0.040625
0 0.14765625 0.321875 0.1859375 0.09375
1 0.92734375 0.2453125 0.1453125 0.21875
0 0.36328125 0.43828125 0.2921875 0.1390625
0 0.37265625 0.56875 0.2765625 0.0828125
0 0.57578125 0.559375 0.1265625 0.15625
0 0.09375 0.7921875 0.1875 0.303125
0 0.37734375 0.98671875 0.2640625 0.0265625
0 0.57578125 0.95 0.1265625 0.1
1 0.853125 0.3953125 0.275 0.053125
0 0.6765625 0.85078125 0.075 0.1296875
0 0.9640625 0.75390625 0.071875 0.2796875
0 0.82265625 0.7234375 0.2125 0.2171875