0 0.3703125 0.09609375 0.11875 0.1703125
0 0.14375 0.15859375 0.2703125 0.071875
0 0.378125 0.28515625 0.103125 0.1296875
0 0.08828125 0.2828125 0.1578125 0.134375
1 0.5296875 0.03203125 0.2 0.0640625
0 0.89765625 0.14296875 0.2046875 0.1515625
0 0.29296875 0.453125 0.2734375 0.20625
1 0.23359375 0.84609375 0.3921875 0.2140625
0 0.61328125 0.53125 0.1390625 0.3609375
0 0.85234375 0.40703125 0.2953125 0.1140625
0 0.96484375 0.62578125 0.0703125 0.2140625
0 0.55625 0.88203125 0.253125 0.2359375
0 0.84296875 0.80078125 0.3140625 0.1328125